0.013404
0.012180
0.011651
0.012282
0.016087
0.011380
0.012700
0.011120
0.013717
0.013533
0.012161
0.012041
0.011384
0.010370
0.012568
0.017084
0.011127
0.011428
0.012943
0.011970
0.011884
0.013340
0.011866
0.011724
0.012473
0.014463
0.011958
0.012477
0.013391
0.014226
0.011472
0.011946
0.013315
0.014080
0.011723
0.012880
0.015349
0.013559
0.015153
0.013974
0.012709
0.023675
0.011772
0.011959
0.017595
0.013085
0.011952
0.010612
0.016647
0.011418
0.011117
0.012568
0.015404
0.011536
0.014280
0.013441
0.019434
0.012990
0.011264
0.015450
0.011381
0.011643
0.012759
0.013803
0.013636
0.011742
0.010833
0.014794
0.015017
0.010288
0.013381
0.024730
0.011151
0.010970
0.011752
0.013502
0.019794
0.025982
0.011675
0.016544
0.013029
0.023352
0.013719
0.012004
0.012552
0.012949
0.014357
0.012418
0.011695
0.011689
0.012733
0.012920
0.017711
0.011514
0.011329
0.011860
0.014561
0.011045
0.010467
0.013614
